       Table 2 (Garcia-Melendo et al.)

 Averaged mean zonal flow from Cassini ISS 
 MT2 and MT3 images, from 2004 to 2009.

 Lat       Lat       u      sigma-u    Number
 Pc        Pg       m/s       m/s    of points
------    -----     -----   -------  ---------
-78.0     -80.2     5.5       5.2       8
-77.8     -80.0     5.3       6.5       8
-77.6     -79.9     2.9       3.5       3
-77.5     -79.8     1.9       4.1       5
-77.3     -79.6     3.6       2.8       8
-77.0     -79.4     2.5       3.0       15
-76.8     -79.2     3.1       2.6       7
-76.6     -79.0     3.5       3.7       3
-76.4     -78.9     6.7       5.0       5
-76.3     -78.8     4.3       2.4       6
-76.0     -78.5     3.8       3.2       12
-75.8     -78.4     6.0       2.9       10
-75.6     -78.2     6.3       2.9       5
-75.4     -78.0     5.4       4.1       9
-75.3     -78.0     6.4       4.5       8
-75.0     -77.7     4.5       4.2       11
-74.7     -77.5     3.3       4.1       7
-74.6     -77.4     5.1       3.3       3
-74.5     -77.3     6.8       3.5       8
-74.2     -77.0     7.8       2.3       7
-74.0     -76.9     8.6       4.1       12
-73.8     -76.7     11.6      4.3       8
-73.6     -76.5     14.7      6.3       5
-73.4     -76.4     11.1      7.0       7
-73.2     -76.2     14.8      4.7       9
-73.0     -76.0     15.5      6.4       10
-72.8     -75.9     19.2      6.4       10
-72.6     -75.7     17.8      10.5      6
-72.5     -75.6     25.6      12.2      10
-72.3     -75.5     45.7      11.5      5
-72.0     -75.2     46.2      10.6      10
-71.7     -74.9     53.5      9.9       10
-71.6     -74.9     55.8      11.4      6
-71.4     -74.7     59.3      9.1       13
-71.3     -74.6     63.4      5.8       11
-71.0     -74.4     73.4      6.3       15
-70.8     -74.2     76.4      5.2       13
-70.6     -74.0     80.3      6.3       7
-70.5     -73.9     80.9      4.9       13
-70.3     -73.8     82.0      4.3       12
-70.0     -73.5     78.4      6.0       39
-69.8     -73.3     73.5      5.6       30
-69.6     -73.2     68.0      6.8       14
-69.5     -73.1     66.0      8.5       25
-69.3     -72.9     59.8      8.2       24
-69.0     -72.7     61.5      13.8      27
-68.7     -72.4     45.7      13.8      19
-68.6     -72.3     51.2      16.7      10
-68.5     -72.2     41.9      13.0      19
-68.3     -72.1     35.2      15.2      16
-68.0     -71.8     24.1      9.2       29
-67.7     -71.6     20.1      6.2       23
-67.6     -71.5     16.8      10.0      12
-67.5     -71.4     15.3      6.5       23
-67.2     -71.1     10.3      4.8       23
-67.0     -71.0     5.0       6.8       44
-66.8     -70.8     2.5       7.1       30
-66.6     -70.6     1.4       9.3       14
-66.5     -70.5     -0.3      8.8       29
-66.3     -70.4     -3.9      7.1       26
-66.0     -70.1     -6.1      5.3       45
-65.8     -69.9     -7.4      5.7       28
-65.6     -69.8     -7.7      6.7       14
-65.4     -69.6     -10.0     6.3       28
-65.3     -69.5     -9.6      7.7       31
-65.0     -69.2     -10.9     5.2       47
-64.8     -69.1     -10.4     5.2       30
-64.6     -68.9     -10.6     4.3       14
-64.5     -68.8     -12.9     4.6       32
-64.3     -68.6     -12.4     4.1       31
-64.0     -68.4     -13.3     5.0       46
-63.8     -68.2     -13.4     3.9       30
-63.6     -68.0     -12.8     3.7       30
-63.4     -67.8     -13.1     3.4       30
-63.2     -67.7     -13.2     5.3       29
-62.9     -67.4     -10.8     5.9       28
-62.8     -67.3     -12.2     5.3       29
-62.6     -67.1     -10.5     5.8       29
-62.4     -67.0     -11.0     7.2       27
-62.2     -66.8     -9.1      6.4       28
-62.0     -66.6     -8.1      5.0       31
-61.8     -66.4     -7.0      6.6       29
-61.6     -66.3     -6.6      6.8       29
-61.4     -66.1     -4.4      6.5       29
-61.2     -65.9     -3.4      6.8       29
-60.9     -65.7     -0.6      5.7       26
-60.8     -65.6     -0.3      7.5       25
-60.5     -65.3     -1.2      6.4       27
-60.4     -65.2     0.2       5.9       28
-60.2     -65.0     2.1       6.9       24
-59.9     -64.8     5.9       8.4       24
-59.7     -64.6     7.2       8.9       29
-59.6     -64.5     7.8       8.0       26
-59.4     -64.3     9.2       9.2       27
-59.2     -64.1     13.3      10.6      28
-58.9     -63.9     19.4      9.9       27
-58.7     -63.7     21.8      7.9       28
-58.6     -63.6     26.3      10.8      26
-58.4     -63.4     31.7      8.5       24
-58.2     -63.2     32.6      12.5      24
-57.9     -63.0     36.7      16.6      19
-57.7     -62.8     48.5      13.2      21
-57.6     -62.7     65.6      10.6      18
-57.3     -62.4     71.7      10.9      23
-57.2     -62.3     75.1      13.1      23
-57.0     -62.2     86.0      10.1      22
-56.8     -62.0     83.2      12.7      19
-56.6     -61.8     96.1      19.3      22
-56.3     -61.5     103.9     18.8      17
-56.1     -61.3     116.0     11.2      23
-56.0     -61.3     123.2     5.3       26
-55.8     -61.1     129.1     3.9       28
-55.6     -60.9     130.9     4.4       27
-55.4     -60.7     133.1     5.1       28
-55.2     -60.5     131.8     4.9       28
-55.0     -60.3     129.6     6.3       27
-54.8     -60.2     128.7     6.4       24
-54.6     -60.0     124.4     11.7      24
-54.4     -59.8     119.8     12.3      26
-54.1     -59.5     119.2     8.6       25
-54.0     -59.4     117.1     6.3       26
-53.8     -59.2     113.7     8.5       26
-53.6     -59.1     107.8     14.8      23
-53.4     -58.9     102.5     11.2      24
-53.1     -58.6     96.5      15.3      25
-53.0     -58.5     94.5      13.8      23
-52.7     -58.2     90.8      16.0      16
-52.6     -58.1     81.0      15.9      20
-52.3     -57.9     81.1      17.1      21
-52.2     -57.8     79.7      19.4      23
-51.9     -57.5     69.2      12.9      23
-51.8     -57.4     58.4      14.2      25
-51.6     -57.2     57.1      13.7      26
-51.4     -57.0     54.1      14.9      24
-51.2     -56.8     56.1      12.2      23
-51.0     -56.6     46.8      15.1      24
-50.8     -56.5     44.5      12.4      22
-50.5     -56.2     42.1      6.5       24
-50.4     -56.1     40.0      7.1       24
-50.2     -55.9     35.1      8.1       32
-50.0     -55.7     32.5      5.7       34
-49.8     -55.5     31.3      4.1       34
-49.6     -55.3     28.9      3.5       34
-49.4     -55.1     27.7      3.4       34
-49.2     -54.9     27.0      3.1       34
-49.0     -54.7     26.5      2.9       34
-48.7     -54.5     25.4      2.9       33
-48.6     -54.4     25.3      2.9       34
-48.4     -54.2     24.6      2.7       34
-48.2     -54.0     24.9      2.4       34
-48.0     -53.8     26.0      2.4       34
-47.8     -53.6     26.4      2.2       34
-47.6     -53.4     27.4      2.4       34
-47.4     -53.2     28.5      3.0       34
-47.2     -53.0     30.5      3.8       33
-47.0     -52.8     32.7      5.9       32
-46.7     -52.5     34.4      7.2       31
-46.6     -52.4     40.8      9.9       34
-46.4     -52.3     44.8      7.8       32
-46.2     -52.1     47.6      6.2       34
-46.0     -51.9     50.3      6.4       32
-45.7     -51.6     56.6      6.1       31
-45.5     -51.4     61.0      8.4       33
-45.4     -51.3     66.9      7.8       34
-45.1     -51.0     74.4      8.8       33
-45.0     -50.9     82.7      7.0       33
-44.8     -50.7     87.6      5.3       34
-44.6     -50.5     90.8      5.0       33
-44.4     -50.3     94.1      9.3       32
-44.2     -50.1     102.6     8.3       32
-43.9     -49.8     106.8     7.8       32
-43.7     -49.6     111.0     5.7       33
-43.6     -49.5     113.6     6.0       34
-43.4     -49.3     117.5     5.9       34
-43.2     -49.1     119.2     4.6       34
-43.0     -48.9     120.7     3.2       34
-42.8     -48.7     121.4     4.0       34
-42.5     -48.4     120.5     5.4       33
-42.4     -48.3     119.4     5.4       32
-42.2     -48.1     118.6     3.9       32
-41.9     -47.8     116.4     6.2       33
-41.8     -47.7     111.0     7.2       33
-41.6     -47.5     108.4     7.2       34
-41.4     -47.3     106.5     7.4       34
-41.2     -47.1     96.7      11.6      34
-41.0     -46.9     86.5      14.7      29
-40.7     -46.6     76.9      13.9      29
-40.6     -46.5     68.7      16.8      27
-40.4     -46.3     72.5      11.0      31
-40.1     -46.0     60.2      14.1      29
-39.9     -45.8     50.6      11.7      69
-39.7     -45.6     46.6      9.8       71
-39.6     -45.5     42.0      9.7       72
-39.4     -45.3     33.5      14.5      71
-39.1     -45.0     28.5      12.2      71
-39.0     -44.9     26.2      11.6      72
-38.8     -44.7     19.8      12.1      70
-38.5     -44.4     16.5      10.4      71
-38.4     -44.3     14.1      9.6       71
-38.2     -44.1     12.4      10.1      71
-38.0     -43.9     9.6       10.4      71
-37.8     -43.6     7.2       8.5       72
-37.6     -43.4     5.5       7.0       72
-37.3     -43.1     2.7       5.7       69
-37.1     -42.9     0.8       5.0       71
-37.0     -42.8     -1.1      6.2       70
-36.7     -42.5     -2.6      6.8       69
-36.6     -42.4     -4.0      7.9       70
-36.4     -42.2     -5.3      8.1       70
-36.2     -42.0     -5.3      6.9       69
-36.0     -41.7     -4.9      5.7       68
-35.8     -41.6     -6.3      4.6       68
-35.5     -41.3     -7.4      4.6       69
-35.4     -41.1     -8.1      5.8       69
-35.2     -40.9     -9.9      6.5       67
-35.0     -40.7     -9.6      5.7       65
-34.8     -40.5     -8.7      7.1       70
-34.6     -40.3     -9.8      6.9       69
-34.3     -40.0     -9.2      7.2       71
-34.2     -39.9     -7.1      7.0       72
-34.0     -39.7     -5.7      6.1       72
-33.8     -39.5     -5.8      4.7       72
-33.6     -39.2     -3.1      5.5       72
-33.4     -39.0     -0.3      7.4       72
-33.2     -38.8     2.2       5.9       72
-33.0     -38.6     4.3       5.8       72
-32.8     -38.4     6.5       7.0       72
-32.6     -38.2     9.5       7.1       72
-32.4     -38.0     11.4      8.0       71
-32.2     -37.8     14.9      10.8      70
-32.0     -37.5     18.6      12.0      67
-31.8     -37.3     19.6      11.1      60
-31.6     -37.1     22.0      11.2      56
-31.4     -36.9     28.8      14.8      59
-31.1     -36.6     36.9      14.1      54
-31.0     -36.5     39.2      14.2      46
-30.7     -36.1     44.4      11.4      48
-30.5     -35.9     46.2      10.2      58
-30.3     -35.7     48.3      8.8       67
-30.1     -35.5     52.1      9.7       71
-30.0     -35.4     55.6      7.2       71
-29.7     -35.1     56.5      8.0       69
-29.6     -34.9     59.1      7.2       80
-29.3     -34.6     61.1      7.8       85
-29.2     -34.5     63.0      6.3       81
-29.0     -34.2     64.0      6.0       87
-28.7     -34.0     65.5      7.3       92
-28.6     -33.8     65.6      6.8       84
-28.4     -33.6     65.7      7.2       90
-28.1     -33.3     67.2      8.1       85
-28.0     -33.1     68.8      7.0       78
-27.8     -32.9     70.1      6.8       86
-27.5     -32.6     70.7      7.2       84
-27.3     -32.4     69.9      6.1       71
-27.2     -32.3     70.0      7.4       79
-26.9     -32.0     69.3      6.2       79
-26.8     -31.8     68.5      5.8       71
-26.6     -31.6     69.2      5.0       69
-26.3     -31.3     67.7      5.9       75
-26.2     -31.2     67.1      5.0       67
-26.0     -30.9     67.8      5.3       70
-25.7     -30.6     66.8      4.7       69
-25.5     -30.4     67.8      5.3       63
-25.4     -30.2     69.8      6.3       69
-25.1     -30.0     68.5      7.7       70
-25.0     -29.8     68.2      7.5       58
-24.8     -29.6     69.7      11.2      64
-24.5     -29.3     72.4      8.1       67
-24.4     -29.1     78.1      10.1      55
-24.2     -28.9     79.5      10.1      57
-23.9     -28.6     82.5      10.4      61
-23.8     -28.5     85.2      12.4      59
-23.6     -28.2     88.8      13.4      63
-23.3     -27.9     93.3      11.4      60
-23.2     -27.8     96.1      12.1      62
-23.0     -27.5     98.6      12.2      70
-22.7     -27.2     104.7     12.0      79
-22.6     -27.1     109.5     10.0      76
-22.4     -26.9     112.8     8.4       87
-22.1     -26.6     114.6     7.1       84
-22.0     -26.4     114.7     7.9       75
-21.8     -26.2     116.5     8.3       61
-21.6     -25.9     122.0     10.8      55
-21.3     -25.6     128.3     10.7      47
-21.1     -25.4     129.2     11.5      54
-21.0     -25.2     133.9     12.0      63
-20.7     -24.9     137.6     9.8       63
-20.6     -24.8     141.9     10.9      59
-20.4     -24.5     145.0     10.3      68
-20.1     -24.2     149.3     9.7       75
-19.9     -24.0     151.2     8.8       68
-19.8     -23.9     152.3     9.5       85
-19.5     -23.6     157.3     10.8      78
-19.3     -23.3     161.9     11.5      73
-19.2     -23.2     164.8     14.5      77
-18.9     -22.9     169.0     16.4      57
-18.8     -22.7     173.5     14.4      52
-18.6     -22.5     179.3     19.5      62
-18.3     -22.2     187.7     17.7      59
-18.1     -21.9     189.6     18.2      58
-18.0     -21.7     193.5     16.5      77
-17.7     -21.4     201.4     12.5      78
-17.5     -21.2     207.0     13.0      71
-17.4     -21.0     210.2     14.1      80
-17.1     -20.7     215.2     12.7      80
-16.9     -20.5     222.5     10.0      77
-16.8     -20.3     225.9     11.9      88
-16.5     -20.0     229.6     10.9      84
-16.4     -19.9     233.2     10.6      76
-16.2     -19.6     240.8     10.0      82
-15.9     -19.3     246.2     9.9       81
-15.8     -19.2     251.7     8.4       75
-15.6     -18.9     255.9     7.2       85
-15.3     -18.6     257.0     6.5       86
-15.1     -18.4     260.0     6.1       75
-15.0     -18.2     260.8     4.8       86
-14.7     -17.9     261.7     4.5       87
-14.6     -17.7     262.0     4.6       76
-14.4     -17.5     262.2     4.1       89
-14.1     -17.2     262.8     4.1       89
-13.9     -16.9     263.3     4.1       89
-13.8     -16.8     263.2     4.8       78
-13.6     -16.5     263.5     5.8       89
-13.3     -16.2     264.8     4.6       89
-13.2     -16.1     265.8     4.4       78
-13.0     -15.8     267.1     4.5       87
-12.7     -15.5     269.0     5.2       87
-12.6     -15.3     269.8     4.8       78
-12.4     -15.1     270.9     4.5       89
-12.1     -14.8     271.6     4.6       87
-12.0     -14.6     272.1     4.2       76
-11.8     -14.4     273.2     4.7       85
-11.5     -14.1     275.3     4.4       87
-11.4     -13.9     275.0     5.2       76
-11.2     -13.7     276.5     5.1       83
-10.9     -13.3     277.9     5.7       85
-10.8     -13.2     277.7     5.6       72
-10.6     -12.9     277.4     4.6       74
-10.3     -12.6     278.8     6.0       69
-10.2     -12.4     282.5     6.3       60
-10.0     -12.2     282.2     6.5       67
-9.7      -11.9     281.5     6.3       63
-9.5      -11.7     280.6     6.1       58
-9.4      -11.5     280.1     6.6       64
-9.1      -11.2     278.7     6.3       69
-8.9      -10.9     277.4     5.2       65
-8.8      -10.8     276.4     6.0       70
-8.5      -10.4     275.3     7.3       76
-8.4      -10.3     276.0     8.8       59
-8.2      -10.0     276.7     8.3       58
-7.9      -9.7      276.9     8.0       65
-7.7      -9.5      276.9     8.6       65
-7.6      -9.3      274.4     8.6       74
-7.3      -9.0      274.7     7.8       63
-7.2      -8.8      273.6     8.1       58
-7.0      -8.6      272.4     9.2       80
-6.7      -8.2      270.9     9.4       70
-6.6      -8.1      270.0     9.1       64
-6.4      -7.8      268.4     8.9       68
-6.1      -7.5      266.8     6.7       65
-5.9      -7.3      267.6     5.8       68
-5.8      -7.1      268.2     6.0       62
-5.6      -6.9      267.7     7.9       62
-5.3      -6.5      265.5     6.7       58
-5.2      -6.4      266.8     7.1       47
-5.0      -6.1      263.9     4.6       65
-4.7      -5.8      264.1     5.6       66
-4.6      -5.6      264.3     6.2       59
-4.4      -5.4      262.6     6.5       60
-4.1      -5.1      262.1     5.4       66
-3.9      -4.8      262.1     5.3       63
-3.8      -4.6      261.6     6.6       63
-3.5      -4.3      261.7     8.4       47
-3.4      -4.1      262.9     9.8       31
-3.2      -3.9      261.9     10.1      26
-2.9      -3.6      254.6     12.8      17
-2.7      -3.3      265.2     16.3      13
-2.6      -3.2      260.9     11.8      12
-2.3      -2.9      294.9     48.7      14
-2.1      -2.6      283.1     50.6      19
-1.9      -2.4      319.8     65.1      21
-1.7      -2.1      362.8     55.0      25
-1.6      -1.9      366.0     63.6      25
-1.4      -1.7      383.4     62.5      19
-1.1      -1.4      373.0     71.6      21
-1.0      -1.2      407.6     38.0      16
-0.8      -1.0      420.4     10.3      13
-0.6      -0.7      425.5     10.6      12
-0.3      -0.4      416.6     10.9      12
-0.1      -0.1      396.6     45.9      27
0.0       0.0       389.6     49.8      18
0.2       0.3       405.3     14.4      9
0.4       0.5       410.0     14.3      9
0.7       0.8       410.1     7.7       16
0.9       1.1       406.3     15.2      18
1.1       1.3       382.2     30.4      27
1.3       1.6       352.2     45.7      34
1.4       1.7       324.3     60.4      24
1.6       2.0       286.4     57.0      12
1.8       2.2       253.4     4.4       8
2.1       2.6       244.7     14.9      7
2.3       2.8       252.1     12.6      14
2.4       3.0       248.1     14.5      19
2.7       3.3       254.9     17.1      22
2.9       3.5       251.2     17.2      27
3.0       3.7       260.2     11.2      31
3.3       4.0       264.8     10.9      44
3.5       4.3       268.7     11.2      48
3.6       4.4       271.1     7.9       50
3.9       4.8       269.7     9.6       50
4.1       5.0       270.1     6.7       49
4.2       5.2       270.7     8.6       57
4.5       5.5       274.3     5.9       53
4.6       5.7       276.1     5.7       49
4.8       5.9       274.4     6.1       57
5.1       6.2       275.2     6.1       58
5.3       6.5       277.3     7.5       52
5.4       6.7       280.7     10.2      56
5.7       7.0       282.4     9.9       50
5.9       7.1       283.8     9.8       46
6.0       7.4       290.5     13.8      59
6.3       7.7       290.8     15.7      55
6.5       7.9       291.5     16.2      52
6.6       8.1       290.2     15.0      46
6.9       8.4       291.9     13.0      50
7.0       8.6       290.5     10.2      42
7.2       8.9       289.1     10.2      40
7.5       9.1       293.9     12.3      40
7.7       9.4       301.5     11.7      42
7.8       9.6       307.2     16.7      46
8.0       9.8       310.2     22.0      36
8.3       10.2      323.8     16.6      26
8.4       10.3      328.5     10.3      26
8.6       10.6      329.9     8.2       24
8.9       10.9      328.3     9.8       19
9.0       11.0      333.2     17.0      20
9.2       11.3      327.7     13.0      11
9.5       11.6      330.4     9.8       8
9.7       11.9      329.0     17.8      8
9.9       12.1      338.2     7.6       10
10.1      12.3      347.3     11.1      14
10.2      12.5      346.7     8.6       20
10.4      12.7      350.3     6.5       15
10.6      13.0      350.2     5.0       14
10.9      13.3      349.1     7.2       13
11.0      13.5      350.7     7.4       13
11.3      13.8      345.9     8.5       12
11.4      13.9      344.3     9.8       17
11.6      14.2      341.8     8.2       14
11.9      14.5      343.2     10.3      6
12.1      14.8      341.0     3.4       7
12.2      14.9      338.1     5.9       7
12.5      15.2      332.1     5.3       9
12.7      15.5      328.2     4.6       10
12.9      15.7      324.8     6.7       11
13.1      16.0      313.6     17.0      10
13.3      16.2      305.3     17.7      10
13.5      16.4      296.1     13.8      16
13.7      16.7      294.6     13.7      18
13.9      16.9      292.2     11.8      21
14.1      17.1      286.4     11.2      22
14.3      17.4      282.7     12.2      22
14.5      17.6      277.1     10.9      24
14.7      17.9      274.3     15.5      24
14.9      18.1      267.4     15.0      23
15.1      18.3      259.1     12.6      27
15.3      18.6      255.1     12.0      30
15.5      18.8      249.1     11.2      30
15.7      19.1      246.1     10.7      30
15.9      19.3      239.3     9.4       30
16.1      19.5      234.5     8.9       28
16.3      19.8      228.4     8.5       29
16.4      19.9      226.0     8.2       27
16.7      20.2      223.4     7.4       30
16.9      20.5      216.9     8.4       30
17.0      20.6      210.9     11.3      28
17.3      20.9      207.3     10.3      27
17.5      21.2      201.1     10.6      28
17.6      21.3      195.6     9.6       28
17.9      21.6      192.1     7.4       27
18.1      21.9      192.9     6.6       27
18.2      22.0      188.3     9.8       29
18.5      22.4      185.3     6.0       28
18.7      22.6      184.1     6.2       30
18.9      22.8      180.4     6.8       30
19.1      23.1      177.7     8.5       30
19.3      23.3      177.2     6.8       30
19.5      23.5      170.5     8.3       29
19.7      23.8      166.3     8.5       30
19.9      24.0      160.0     10.2      28
20.0      24.1      157.7     6.9       23
20.3      24.4      154.3     9.4       28
20.5      24.7      149.7     10.8      28
20.6      24.8      144.9     10.2      29
20.9      25.1      142.8     7.7       29
21.1      25.4      139.6     8.2       30
21.3      25.6      138.0     8.9       29
21.5      25.8      133.0     8.2       29
21.7      26.1      130.7     9.9       30
21.9      26.3      126.5     9.1       29
22.1      26.5      122.7     7.2       30
22.3      26.8      119.5     6.7       30
22.5      27.0      117.9     9.3       30
22.7      27.2      113.2     6.5       30
22.8      27.4      110.9     5.8       29
23.1      27.7      106.2     6.9       30
23.3      27.9      102.9     5.2       30
23.5      28.1      101.5     6.1       30
23.7      28.4      97.8      5.3       30
23.9      28.6      95.5      6.3       30
24.1      28.8      91.1      5.5       30
24.3      29.0      89.7      4.8       30
24.5      29.3      86.8      5.0       30
24.7      29.5      83.6      4.3       30
24.9      29.7      82.4      5.0       30
25.1      29.9      80.3      5.1       30
25.3      30.2      79.0      4.4       30
25.4      30.3      77.6      4.8       29
25.7      30.6      76.5      4.2       29
25.9      30.8      76.4      4.4       28
26.1      31.1      76.0      5.2       29
26.3      31.3      76.6      4.9       26
26.5      31.5      75.3      6.9       29
26.7      31.7      75.0      4.1       30
26.9      32.0      72.9      5.0       30
27.1      32.2      73.2      4.9       30
27.3      32.4      70.9      5.3       30
27.5      32.6      70.2      5.0       30
27.7      32.8      68.4      5.2       30
27.9      33.1      67.4      6.5       30
28.1      33.3      64.9      5.2       30
28.3      33.5      64.5      5.2       30
28.5      33.7      62.0      4.4       30
28.7      33.9      61.8      4.5       30
28.9      34.2      61.9      4.7       30
29.1      34.4      60.2      4.2       30
29.3      34.6      59.9      4.3       30
29.5      34.8      59.9      4.1       30
29.7      35.0      58.2      5.3       30
29.9      35.3      56.8      3.5       30
30.0      35.4      55.6      2.5       29
30.3      35.7      53.5      4.7       29
30.5      35.9      50.7      5.1       28
30.7      36.1      47.5      4.2       28
30.9      36.3      43.4      5.6       29
31.1      36.6      37.8      6.5       26
31.3      36.8      32.7      4.6       26
31.5      37.0      30.1      9.5       30
31.6      37.1      23.2      7.4       27
31.9      37.4      17.1      7.3       28
32.0      37.6      11.8      5.7       25
32.2      37.8      6.5       7.3       26
32.5      38.1      0.1       6.5       27
32.6      38.2      -3.8      6.9       29
32.9      38.5      -6.4      12.0      26
33.1      38.7      -11.1     5.0       26
33.2      38.8      -13.6     8.1       29
33.5      39.1      -13.9     9.2       30
33.7      39.4      -15.5     5.4       28
33.9      39.6      -15.9     5.1       28
34.0      39.7      -16.6     4.9       29
34.3      40.0      -17.1     4.3       30
34.5      40.2      -17.6     4.7       29
34.6      40.3      -16.5     5.1       27
34.8      40.5      -17.2     5.9       27
35.0      40.7      -15.0     4.9       25
35.3      41.0      -12.9     7.6       30
35.4      41.2      -13.7     5.6       27
35.7      41.5      -11.1     6.0       26
35.9      41.7      -9.3      4.7       28
36.1      41.9      -8.0      6.9       29
36.2      42.0      -5.2      4.5       29
36.5      42.3      -1.3      6.1       28
36.7      42.5      1.6       9.0       28
36.8      42.6      4.0       8.1       27
37.0      42.8      6.0       8.9       27
37.3      43.1      10.5      6.8       27
37.4      43.2      16.3      8.9       29
37.6      43.4      16.9      12.7      27
37.9      43.8      22.9      8.8       29
38.1      44.0      25.0      11.8      24
38.3      44.2      29.1      11.2      24
38.4      44.3      36.8      11.0      23
38.7      44.6      39.3      16.6      20
38.8      44.7      44.1      19.5      18
39.0      44.9      48.8      19.8      14
39.2      45.1      59.6      15.9      9
39.5      45.4      73.8      14.7      14
39.7      45.6      78.0      21.2      18
39.8      45.7      88.8      13.2      25
40.1      46.0      95.9      12.7      24
40.3      46.2      104.4     13.9      24
40.5      46.4      110.4     16.6      21
40.6      46.5      120.9     15.9      20
40.8      46.7      116.5     12.8      23
41.0      46.9      123.7     9.7       20
41.3      47.2      128.3     12.5      24
41.4      47.3      131.5     8.6       21
41.7      47.6      134.4     8.0       27
41.9      47.8      137.1     11.4      28
42.0      47.9      136.1     10.0      27
42.3      48.2      133.7     10.5      28
42.5      48.4      132.1     6.8       26
42.6      48.5      127.4     6.9       28
42.8      48.7      124.3     6.9       24
43.1      49.0      121.0     9.4       24
43.3      49.2      111.2     9.6       23
43.5      49.4      103.6     7.2       25
43.7      49.6      91.3      10.7      27
43.8      49.7      83.0      15.3      24
44.0      49.9      69.1      17.4      14
44.2      50.1      59.0      15.1      19
44.5      50.4      50.3      4.6       24
44.7      50.6      50.9      5.2       23
44.8      50.7      49.9      7.2       25
45.1      51.0      49.2      8.7       26
45.3      51.2      48.3      7.4       30
45.4      51.3      42.2      7.7       27
45.7      51.6      28.9      7.3       27
45.9      51.8      21.6      5.5       30
46.1      52.0      20.6      4.1       30
46.3      52.2      20.8      3.8       30
46.5      52.3      20.4      4.0       30
46.7      52.5      17.8      4.0       29
46.9      52.7      15.8      3.3       29
47.1      52.9      15.0      3.8       30
47.3      53.1      13.7      4.6       29
47.4      53.2      9.9       4.7       27
47.7      53.5      10.6      7.4       26
47.8      53.6      7.6       5.0       23
48.1      53.9      5.6       4.2       27
48.2      54.0      5.2       6.2       29
48.4      54.2      1.4       5.8       27
48.7      54.5      0.5       4.3       24
48.9      54.7      1.3       3.8       28
49.1      54.8      -0.2      4.4       26
49.2      54.9      0.8       4.5       29
49.5      55.2      -0.3      4.8       30
49.6      55.3      0.3       4.0       29
49.9      55.6      -0.1      3.8       29
50.1      55.8      -0.5      4.7       29
50.3      56.0      0.8       4.7       27
50.4      56.1      2.2       6.5       26
50.7      56.4      1.4       4.6       24
50.8      56.5      2.8       5.3       25
51.0      56.6      5.5       4.5       28
51.3      56.9      8.5       5.6       29
51.5      57.1      9.8       6.7       30
51.7      57.3      10.0      5.8       28
51.9      57.5      13.4      6.6       30
52.0      57.6      14.0      6.8       28
52.3      57.9      18.3      6.4       29
52.4      57.9      18.9      6.1       27
52.7      58.2      21.9      7.0       29
52.9      58.4      25.9      7.9       28
53.1      58.6      31.4      7.1       26
53.2      58.7      37.2      6.9       29
53.5      59.0      42.8      7.1       27
53.7      59.2      45.9      8.3       29
53.9      59.3      49.5      7.7       28
54.1      59.5      52.9      5.4       30
54.2      59.6      57.2      5.8       29
54.4      59.8      62.0      5.9       27
54.7      60.1      64.2      5.8       27
54.9      60.3      64.8      5.2       26
55.0      60.3      70.6      7.6       29
55.3      60.6      75.0      9.8       29
55.5      60.8      78.2      10.4      23
55.7      61.0      80.8      8.1       26
55.9      61.2      83.3      8.3       26
56.1      61.3      85.1      6.4       29
56.3      61.5      85.2      10.0      26
56.4      61.6      89.1      6.9       27
56.6      61.8      88.0      5.9       25
56.8      62.0      87.4      6.3       27
57.1      62.3      82.6      4.6       26
57.3      62.4      81.3      7.8       24
57.5      62.6      77.0      6.6       22
57.7      62.8      74.5      5.8       25
57.9      63.0      73.3      4.8       22
58.1      63.2      72.2      4.6       20
58.3      63.3      68.8      3.3       24
58.5      63.5      67.2      5.1       26
58.6      63.6      66.4      5.2       19
58.9      63.9      68.3      6.0       21
59.0      64.0      66.2      3.8       22
59.3      64.2      66.7      4.3       21
59.5      64.4      66.8      8.6       19
59.7      64.6      66.9      6.4       20
59.9      64.8      66.8      7.0       18
60.1      64.9      69.8      8.9       21
60.3      65.1      72.8      5.6       22
60.4      65.2      75.0      6.7       25
60.6      65.4      80.4      9.4       21
60.8      65.6      79.7      6.7       23
61.1      65.8      84.4      5.4       20
61.3      66.0      88.8      6.5       26
61.5      66.2      91.3      6.1       23
61.7      66.4      93.1      7.6       20
61.8      66.4      90.6      7.5       23
62.0      66.6      84.0      9.4       21
62.3      66.9      85.3      9.1       19
62.4      67.0      81.3      7.0       15
62.6      67.1      75.9      5.9       12
62.8      67.3      79.1      12.8      16
63.1      67.6      61.5      21.3      8
63.2      67.7      56.4      7.0       7
63.5      67.9      47.2      6.8       9
63.7      68.1      44.4      7.5       12
63.8      68.2      42.4      6.9       11
64.0      68.4      36.6      3.5       15
64.2      68.5      31.2      5.1       15
64.5      68.8      28.3      4.7       15
64.6      68.9      25.1      4.0       15
64.8      69.1      22.0      3.5       11
65.1      69.3      18.7      4.0       12
65.3      69.5      17.0      3.2       10
65.4      69.6      13.1      3.4       6
65.6      69.8      8.9       8.2       10
65.9      70.0      1.7       9.4       8
66.1      70.2      3.0       8.3       8
66.3      70.4      5.5       4.8       8
66.5      70.5      -0.4      3.3       6
66.7      70.7      -2.6      4.5       11
66.9      70.9      -6.6      5.6       8
67.0      71.0      -8.8      5.0       7
67.3      71.2      -6.4      3.3       8
67.5      71.4      -6.0      4.3       7
67.7      71.6      -6.9      5.3       7
67.9      71.7      -8.4      3.1       8
68.1      71.9      -6.5      2.1       6
68.3      72.1      -6.0      1.9       7
68.4      72.2      -9.0      3.7       5
68.7      72.4      -8.6      2.6       8
68.8      72.5      -9.9      2.8       11
69.0      72.7      -11.8     2.2       8
69.2      72.8      -10.7     1.4       7
69.4      73.0      -10.8     2.2       5
69.7      73.3      -16.9     5.6       4
69.8      73.3      -9.7      3.5       5
70.0      73.5      -12.0     5.8       5
70.2      73.7      -8.4      4.4       7
70.5      73.9      -9.7      3.0       4
70.6      74.0      -7.1      2.1       3
70.9      74.3      -9.0      0.0       2
71.1      74.4      -8.9      0.0       2
71.3      74.6      -7.6      0.6       2
71.5      74.8      -7.9      0.0       2
71.7      74.9      -8.6      0.0       2
71.9      75.1      -7.7      0.0       2